function alas_simulation = alasdat()
alas_simulation = [ -1000.0000       0.48664109E-05
    -999.21053       0.48537455E-05
    -998.42105       0.48382045E-05
    -997.63158       0.48198362E-05
    -996.84211       0.47986812E-05
    -996.05263       0.47747844E-05
    -995.26316       0.47482337E-05
    -994.47368       0.47190884E-05
    -993.68421       0.46874517E-05
    -992.89474       0.46533964E-05
    -992.10526       0.46170243E-05
    -991.31579       0.45784330E-05
    -990.52632       0.45377474E-05
    -989.73684       0.44951160E-05
    -988.94737       0.44506109E-05
    -988.15789       0.44044094E-05
    -987.36842       0.43566378E-05
    -986.57895       0.43074483E-05
    -985.78947       0.42569871E-05
    -985.00000       0.42054238E-05
    -984.21053       0.41529148E-05
    -983.42105       0.40996225E-05
    -982.63158       0.40457312E-05
    -981.84210       0.39914159E-05
    -981.05263       0.39368480E-05
    -980.26316       0.38822342E-05
    -979.47368       0.38277304E-05
    -978.68421       0.37735327E-05
    -977.89474       0.37198389E-05
    -977.10526       0.36668224E-05
    -976.31579       0.36146894E-05
    -975.52631       0.35636150E-05
    -974.73684       0.35137993E-05
    -973.94737       0.34654218E-05
    -973.15789       0.34186695E-05
    -972.36842       0.33737338E-05
    -971.57895       0.33307807E-05
    -970.78947       0.32900030E-05
    -970.00000       0.32515571E-05
    -969.21053       0.32156238E-05
    -968.42105       0.31823636E-05
    -967.63158       0.31519325E-05
    -966.84210       0.31244870E-05
    -966.05263       0.31001656E-05
    -965.26316       0.30791144E-05
    -964.47368       0.30614624E-05
    -963.68421       0.30473272E-05
    -962.89474       0.30368311E-05
    -962.10526       0.30300769E-05
    -961.31579       0.30271606E-05
    -960.52631       0.30281774E-05
    -959.73684       0.30331957E-05
    -958.94737       0.30422869E-05
    -958.15789       0.30555049E-05
    -957.36842       0.30729035E-05
    -956.57895       0.30945122E-05
    -955.78947       0.31203560E-05
    -955.00000       0.31504473E-05
    -954.21052       0.31847905E-05
    -953.42105       0.32233697E-05
    -952.63158       0.32661700E-05
    -951.84210       0.33131477E-05
    -951.05263       0.33642610E-05
    -950.26316       0.34194564E-05
    -949.47368       0.34786575E-05
    -948.68421       0.35417793E-05
    -947.89473       0.36087376E-05
    -947.10526       0.36794228E-05
    -946.31579       0.37537173E-05
    -945.52631       0.38315017E-05
    -944.73684       0.39126169E-05
    -943.94737       0.39969411E-05
    -943.15789       0.40842930E-05
    -942.36842       0.41744997E-05
    -941.57895       0.42674027E-05
    -940.78947       0.43627963E-05
    -940.00000       0.44604881E-05
    -939.21052       0.45602662E-05
    -938.42105       0.46619158E-05
    -937.63158       0.47652391E-05
    -936.84210       0.48699694E-05
    -936.05263       0.49758877E-05
    -935.26316       0.50827583E-05
    -934.47368       0.51903193E-05
    -933.68421       0.52983612E-05
    -932.89473       0.54065714E-05
    -932.10526       0.55147430E-05
    -931.31579       0.56225795E-05
    -930.52631       0.57298127E-05
    -929.73684       0.58362270E-05
    -928.94737       0.59415044E-05
    -928.15789       0.60454120E-05
    -927.36842       0.61476820E-05
    -926.57894       0.62480673E-05
    -925.78947       0.63462735E-05
    -925.00000       0.64420809E-05
    -924.21052       0.65352291E-05
    -923.42105       0.66254561E-05
    -922.63158       0.67125561E-05
    -921.84210       0.67962446E-05
    -921.05263       0.68763170E-05
    -920.26316       0.69525717E-05
    -919.47368       0.70247940E-05
    -918.68421       0.70927756E-05
    -917.89473       0.71562895E-05
    -917.10526       0.72152299E-05
    -916.31579       0.72693550E-05
    -915.52631       0.73185521E-05
    -914.73684       0.73626398E-05
    -913.94737       0.74015230E-05
    -913.15789       0.74350056E-05
    -912.36842       0.74631051E-05
    -911.57894       0.74856266E-05
    -910.78947       0.75025156E-05
    -910.00000       0.75137149E-05
    -909.21052       0.75192047E-05
    -908.42105       0.75189191E-05
    -907.63158       0.75128359E-05
    -906.84210       0.75010046E-05
    -906.05263       0.74833806E-05
    -905.26315       0.74600246E-05
    -904.47368       0.74309915E-05
    -903.68421       0.73963451E-05
    -902.89473       0.73562063E-05
    -902.10526       0.73105619E-05
    -901.31579       0.72597174E-05
    -900.52631       0.72036286E-05
    -899.73684       0.71424976E-05
    -898.94736       0.70765135E-05
    -898.15789       0.70058272E-05
    -897.36842       0.69306468E-05
    -896.57894       0.68512051E-05
    -895.78947       0.67677131E-05
    -895.00000       0.66804017E-05
    -894.21052       0.65895432E-05
    -893.42105       0.64953886E-05
    -892.63158       0.63982303E-05
    -891.84210       0.62983440E-05
    -891.05263       0.61960623E-05
    -890.26315       0.60916567E-05
    -889.47368       0.59854854E-05
    -888.68421       0.58778651E-05
    -887.89473       0.57691423E-05
    -887.10526       0.56596426E-05
    -886.31579       0.55497685E-05
    -885.52631       0.54398329E-05
    -884.73684       0.53302196E-05
    -883.94736       0.52212930E-05
    -883.15789       0.51134222E-05
    -882.36842       0.50069825E-05
    -881.57894       0.49023407E-05
    -880.78947       0.47998783E-05
    -880.00000       0.46999530E-05
    -879.21052       0.46029472E-05
    -878.42105       0.45092214E-05
    -877.63157       0.44191336E-05
    -876.84210       0.43330405E-05
    -876.05263       0.42512873E-05
    -875.26315       0.41742131E-05
    -874.47368       0.41021555E-05
    -873.68421       0.40354342E-05
    -872.89473       0.39743597E-05
    -872.10526       0.39192253E-05
    -871.31578       0.38703279E-05
    -870.52631       0.38279304E-05
    -869.73684       0.37922951E-05
    -868.94736       0.37636690E-05
    -868.15789       0.37422721E-05
    -867.36842       0.37283176E-05
    -866.57894       0.37219914E-05
    -865.78947       0.37234724E-05
    -865.00000       0.37329133E-05
    -864.21052       0.37504425E-05
    -863.42105       0.37761771E-05
    -862.63157       0.38102083E-05
    -861.84210       0.38526010E-05
    -861.05263       0.39034062E-05
    -860.26315       0.39626517E-05
    -859.47368       0.40303394E-05
    -858.68421       0.41064464E-05
    -857.89473       0.41909239E-05
    -857.10526       0.42837104E-05
    -856.31578       0.43847137E-05
    -855.52631       0.44938189E-05
    -854.73684       0.46108871E-05
    -853.94736       0.47357589E-05
    -853.15789       0.48682471E-05
    -852.36842       0.50081420E-05
    -851.57894       0.51552158E-05
    -850.78947       0.53092182E-05
    -849.99999       0.54698666E-05
    -849.21052       0.56368712E-05
    -848.42105       0.58099140E-05
    -847.63157       0.59886527E-05
    -846.84210       0.61727422E-05
    -846.05263       0.63617821E-05
    -845.26315       0.65554062E-05
    -844.47368       0.67532167E-05
    -843.68420       0.69547232E-05
    -842.89473       0.71595533E-05
    -842.10526       0.73672088E-05
    -841.31578       0.75772347E-05
    -840.52631       0.77891582E-05
    -839.73684       0.80024918E-05
    -838.94736       0.82167065E-05
    -838.15789       0.84313096E-05
    -837.36842       0.86458207E-05
    -836.57894       0.88596715E-05
    -835.78947       0.90723370E-05
    -834.99999       0.92833204E-05
    -834.21052       0.94920564E-05
    -833.42105       0.96980700E-05
    -832.63157       0.99007861E-05
    -831.84210       0.10099722E-04
