function y = gidsldat_pol()
y = [    -7000.0000       0.45736851E-06
    -6995.0000       0.37602019E-06
    -6990.0000       0.30308502E-06
    -6985.0000       0.23936287E-06
    -6980.0000       0.18553555E-06
    -6975.0000       0.14215769E-06
    -6970.0000       0.10964707E-06
    -6965.0000       0.88277932E-07
    -6960.0000       0.78176605E-07
    -6955.0000       0.79318228E-07
    -6950.0000       0.91526001E-07
    -6945.0000       0.11447252E-06
    -6940.0000       0.14768329E-06
    -6935.0000       0.19054217E-06
    -6930.0000       0.24229945E-06
    -6925.0000       0.30208053E-06
    -6920.0000       0.36889804E-06
    -6915.0000       0.44166490E-06
    -6910.0000       0.51920852E-06
    -6905.0000       0.60028789E-06
    -6900.0000       0.68360878E-06
    -6895.0000       0.76784467E-06
    -6890.0000       0.85165146E-06
    -6885.0000       0.93369120E-06
    -6880.0000       0.10126482E-05
    -6875.0000       0.10872487E-05
    -6870.0000       0.11562796E-05
    -6865.0000       0.12186069E-05
    -6860.0000       0.12731941E-05
    -6855.0000       0.13191143E-05
    -6850.0000       0.13555687E-05
    -6845.0000       0.13819007E-05
    -6840.0000       0.13975992E-05
    -6835.0000       0.14023174E-05
    -6830.0000       0.13958733E-05
    -6825.0000       0.13782623E-05
    -6820.0000       0.13496505E-05
    -6815.0000       0.13103809E-05
    -6810.0000       0.12609739E-05
    -6805.0000       0.12021186E-05
    -6800.0000       0.11346664E-05
    -6795.0000       0.10596300E-05
    -6790.0000       0.97816394E-06
    -6785.0000       0.89156023E-06
    -6780.0000       0.80122873E-06
    -6775.0000       0.70868783E-06
    -6770.0000       0.61554458E-06
    -6765.0000       0.52347728E-06
    -6760.0000       0.43422127E-06
    -6755.0000       0.34954419E-06
    -6750.0000       0.27123467E-06
    -6745.0000       0.20107737E-06
    -6740.0000       0.14083914E-06
    -6735.0000       0.92248190E-07
    -6730.0000       0.56978908E-07
    -6725.0000       0.36634862E-07
    -6720.0000       0.32734157E-07
    -6715.0000       0.46695882E-07
    -6710.0000       0.79828044E-07
    -6705.0000       0.13331722E-06
    -6700.0000       0.20821958E-06
    -6695.0000       0.30545462E-06
    -6690.0000       0.42579918E-06
    -6685.0000       0.56988456E-06
    -6680.0000       0.73819598E-06
    -6675.0000       0.93106985E-06
    -6670.0000       0.11487004E-05
    -6665.0000       0.13911371E-05
    -6660.0000       0.16582970E-05
    -6655.0000       0.19499613E-05
    -6650.0000       0.22657887E-05
    -6645.0000       0.26053240E-05
    -6640.0000       0.29680064E-05
    -6635.0000       0.33531639E-05
    -6630.0000       0.37600564E-05
    -6625.0000       0.41878403E-05
    -6620.0000       0.46356123E-05
    -6615.0000       0.51024054E-05
    -6610.0000       0.55871921E-05
    -6605.0000       0.60889035E-05
    -6600.0000       0.66064295E-05
    -6595.0000       0.71386000E-05
    -6590.0000       0.76842421E-05
    -6585.0000       0.82421256E-05
    -6580.0000       0.88110215E-05
    -6575.0000       0.93896364E-05
    -6570.0000       0.99766677E-05
    -6565.0000       0.10570780E-04
    -6560.0000       0.11170602E-04
    -6555.0000       0.11774721E-04
    -6550.0000       0.12381684E-04
    -6545.0000       0.12989976E-04
    -6540.0000       0.13598037E-04
    -6535.0000       0.14204255E-04
    -6530.0000       0.14806956E-04
    -6525.0000       0.15404377E-04
    -6520.0000       0.15994691E-04
    -6515.0000       0.16575974E-04
    -6510.0000       0.17146278E-04
    -6505.0000       0.17703492E-04
    -6500.0000       0.18245466E-04
    -6495.0000       0.18769995E-04
    -6490.0000       0.19274756E-04
    -6485.0000       0.19757402E-04
    -6480.0000       0.20215447E-04
    -6475.0000       0.20646478E-04
    -6470.0000       0.21047947E-04
    -6465.0000       0.21417323E-04
    -6460.0000       0.21752068E-04
    -6455.0000       0.22049714E-04
    -6450.0000       0.22307735E-04
    -6445.0000       0.22523755E-04
    -6440.0000       0.22695520E-04
    -6435.0000       0.22820778E-04
    -6430.0000       0.22897543E-04
    -6425.0000       0.22923955E-04
    -6420.0000       0.22898374E-04
    -6415.0000       0.22819420E-04
    -6410.0000       0.22685931E-04
    -6405.0000       0.22497095E-04
    -6400.0000       0.22252421E-04
    -6395.0000       0.21951677E-04
    -6390.0000       0.21595154E-04
    -6385.0000       0.21183419E-04
    -6380.0000       0.20717441E-04
    -6375.0000       0.20198681E-04
    -6370.0000       0.19628975E-04
    -6365.0000       0.19010588E-04
    -6360.0000       0.18346209E-04
    -6355.0000       0.17639022E-04
    -6350.0000       0.16892505E-04
    -6345.0000       0.16110586E-04
    -6340.0000       0.15297586E-04
    -6335.0000       0.14458170E-04
    -6330.0000       0.13597267E-04
    -6325.0000       0.12720130E-04
    -6320.0000       0.11832243E-04
    -6315.0000       0.10939267E-04
    -6310.0000       0.10047016E-04
    -6305.0000       0.91613902E-05
    -6300.0000       0.82883397E-05
    -6295.0000       0.74337517E-05
    -6290.0000       0.66034532E-05
    -6285.0000       0.58031386E-05
    -6280.0000       0.50382824E-05
    -6275.0000       0.43141006E-05
    -6270.0000       0.36354793E-05
    -6265.0000       0.30069271E-05
    -6260.0000       0.24325252E-05
    -6255.0000       0.19158598E-05
    -6250.0000       0.14599947E-05
    -6245.0000       0.10674191E-05
    -6240.0000       0.74001505E-06
    -6235.0000       0.47902954E-06
    -6230.0000       0.28505028E-06
    -6225.0000       0.15799098E-06
    -6220.0000       0.97083490E-07
    -6215.0000       0.10087731E-06
    -6210.0000       0.16724794E-06
    -6205.0000       0.29341218E-06
    -6200.0000       0.47595295E-06
    -6195.0000       0.71085089E-06
    -6190.0000       0.99352382E-06
    -6185.0000       0.13188733E-05
    -6180.0000       0.16813391E-05
    -6175.0000       0.20749608E-05
    -6170.0000       0.24934383E-05
    -6165.0000       0.29302157E-05
    -6160.0000       0.33785416E-05
    -6155.0000       0.38315546E-05
    -6150.0000       0.42823738E-05
    -6145.0000       0.47241666E-05
    -6140.0000       0.51502498E-05
    -6135.0000       0.55541549E-05
    -6130.0000       0.59297228E-05
    -6125.0000       0.62711949E-05
    -6120.0000       0.65732607E-05
    -6115.0000       0.68311526E-05
    -6110.0000       0.70407140E-05
    -6105.0000       0.71984557E-05
    -6100.0000       0.73016042E-05
    -6095.0000       0.73481527E-05
    -6090.0000       0.73369255E-05
    -6085.0000       0.72675500E-05
    -6080.0000       0.71405374E-05
    -6075.0000       0.69572711E-05
    -6070.0000       0.67199999E-05
    -6065.0000       0.64318416E-05
    -6060.0000       0.60967574E-05
    -6055.0000       0.57195334E-05
    -6050.0000       0.53057202E-05
    -6045.0000       0.48616317E-05
    -6040.0000       0.43942364E-05
    -6035.0000       0.39111366E-05
    -6030.0000       0.34204738E-05
    -6025.0000       0.29308481E-05
    -6020.0000       0.24512652E-05
    -6015.0000       0.19910051E-05
    -6010.0000       0.15595683E-05
    -6005.0000       0.11665562E-05
    -6000.0000       0.82158545E-06
    -5995.0000       0.53418443E-06
    -5990.0000       0.31369822E-06
    -5985.0000       0.16919277E-06
    -5980.0000       0.10935924E-06
    -5975.0000       0.14242368E-06
    -5970.0000       0.27606140E-06
    -5965.0000       0.51731599E-06
    -5960.0000       0.87252413E-06
    -5955.0000       0.13472461E-05
    -5950.0000       0.19462083E-05
    -5945.0000       0.26732511E-05
    -5940.0000       0.35312811E-05
    -5935.0000       0.45222354E-05
    -5930.0000       0.56470668E-05
