function gidsl_simulation = gidsldat()
gidsl_simulation = [    -7000.0000       0.34707721E-06
    -6995.0000       0.28534553E-06
    -6990.0000       0.22999828E-06
    -6985.0000       0.18164236E-06
    -6980.0000       0.14079515E-06
    -6975.0000       0.10787754E-06
    -6970.0000       0.83206574E-07
    -6965.0000       0.66990373E-07
    -6960.0000       0.59324781E-07
    -6955.0000       0.60190951E-07
    -6950.0000       0.69454712E-07
    -6945.0000       0.86867612E-07
    -6940.0000       0.11206960E-06
    -6935.0000       0.14459308E-06
    -6930.0000       0.18386920E-06
    -6925.0000       0.22923420E-06
    -6920.0000       0.27993881E-06
    -6915.0000       0.33515813E-06
    -6910.0000       0.39400237E-06
    -6905.0000       0.45552971E-06
    -6900.0000       0.51875809E-06
    -6895.0000       0.58268079E-06
    -6890.0000       0.64627806E-06
    -6885.0000       0.70853415E-06
    -6880.0000       0.76845107E-06
    -6875.0000       0.82506214E-06
    -6870.0000       0.87744663E-06
    -6865.0000       0.92474405E-06
    -6860.0000       0.96616779E-06
    -6855.0000       0.10010146E-05
    -6850.0000       0.10286783E-05
    -6845.0000       0.10486605E-05
    -6840.0000       0.10605736E-05
    -6835.0000       0.10641542E-05
    -6830.0000       0.10592643E-05
    -6825.0000       0.10459001E-05
    -6820.0000       0.10241883E-05
    -6815.0000       0.99438838E-06
    -6810.0000       0.95689590E-06
    -6805.0000       0.91223355E-06
    -6800.0000       0.86104740E-06
    -6795.0000       0.80410578E-06
    -6790.0000       0.74228496E-06
    -6785.0000       0.67656549E-06
    -6780.0000       0.60801702E-06
    -6775.0000       0.53779208E-06
    -6770.0000       0.46711005E-06
    -6765.0000       0.39724430E-06
    -6760.0000       0.32951194E-06
    -6755.0000       0.26525430E-06
    -6750.0000       0.20582868E-06
    -6745.0000       0.15258948E-06
    -6740.0000       0.10687722E-06
    -6735.0000       0.70003630E-07
    -6730.0000       0.43239182E-07
    -6725.0000       0.27800768E-07
    -6720.0000       0.24840429E-07
    -6715.0000       0.35435041E-07
    -6710.0000       0.60577198E-07
    -6705.0000       0.10116731E-06
    -6700.0000       0.15800688E-06
    -6695.0000       0.23179370E-06
    -6690.0000       0.32311730E-06
    -6685.0000       0.43245654E-06
    -6680.0000       0.56017986E-06
    -6675.0000       0.70654259E-06
    -6670.0000       0.87169216E-06
    -6665.0000       0.10556656E-05
    -6660.0000       0.12584005E-05
    -6655.0000       0.14797306E-05
    -6650.0000       0.17193972E-05
    -6645.0000       0.19770541E-05
    -6640.0000       0.22522770E-05
    -6635.0000       0.25445545E-05
    -6630.0000       0.28533261E-05
    -6625.0000       0.31779513E-05
    -6620.0000       0.35177458E-05
    -6615.0000       0.38719716E-05
    -6610.0000       0.42398541E-05
    -6605.0000       0.46205782E-05
    -6600.0000       0.50133057E-05
    -6595.0000       0.54171460E-05
    -6590.0000       0.58312083E-05
    -6585.0000       0.62545611E-05
    -6580.0000       0.66862705E-05
    -6575.0000       0.71253549E-05
    -6570.0000       0.75708256E-05
    -6565.0000       0.80216676E-05
    -6560.0000       0.84768470E-05
    -6555.0000       0.89352864E-05
    -6550.0000       0.93958831E-05
    -6545.0000       0.98574866E-05
    -6540.0000       0.10318918E-04
    -6535.0000       0.10778946E-04
    -6530.0000       0.11236311E-04
    -6525.0000       0.11689667E-04
    -6520.0000       0.12137633E-04
    -6515.0000       0.12578745E-04
    -6510.0000       0.13011517E-04
    -6505.0000       0.13434363E-04
    -6500.0000       0.13845644E-04
    -6495.0000       0.14243682E-04
    -6490.0000       0.14626730E-04
    -6485.0000       0.14992987E-04
    -6480.0000       0.15340574E-04
    -6475.0000       0.15667665E-04
    -6470.0000       0.15972325E-04
    -6465.0000       0.16252623E-04
    -6460.0000       0.16506649E-04
    -6455.0000       0.16732519E-04
    -6450.0000       0.16928318E-04
    -6445.0000       0.17092252E-04
    -6440.0000       0.17222594E-04
    -6435.0000       0.17317650E-04
    -6430.0000       0.17375901E-04
    -6425.0000       0.17395951E-04
    -6420.0000       0.17376539E-04
    -6415.0000       0.17316627E-04
    -6410.0000       0.17215327E-04
    -6405.0000       0.17072029E-04
    -6400.0000       0.16886361E-04
    -6395.0000       0.16658137E-04
    -6390.0000       0.16387589E-04
    -6385.0000       0.16075141E-04
    -6380.0000       0.15721534E-04
    -6375.0000       0.15327873E-04
    -6370.0000       0.14895549E-04
    -6365.0000       0.14426284E-04
    -6360.0000       0.13922117E-04
    -6355.0000       0.13385464E-04
    -6350.0000       0.12818966E-04
    -6345.0000       0.12225603E-04
    -6340.0000       0.11608654E-04
    -6335.0000       0.10971659E-04
    -6330.0000       0.10318363E-04
    -6325.0000       0.96527407E-05
    -6320.0000       0.89789622E-05
    -6315.0000       0.83013254E-05
    -6310.0000       0.76242339E-05
    -6305.0000       0.69521751E-05
    -6300.0000       0.62896569E-05
    -6295.0000       0.56411477E-05
    -6290.0000       0.50110712E-05
    -6285.0000       0.44037476E-05
    -6280.0000       0.38233331E-05
    -6275.0000       0.32737844E-05
    -6270.0000       0.27588087E-05
    -6265.0000       0.22818285E-05
    -6260.0000       0.18459407E-05
    -6255.0000       0.14538661E-05
    -6250.0000       0.11079298E-05
    -6245.0000       0.81002149E-06
    -6240.0000       0.56156842E-06
    -6235.0000       0.36351738E-06
    -6230.0000       0.21631441E-06
    -6225.0000       0.11989386E-06
    -6220.0000       0.73672910E-07
    -6215.0000       0.76550785E-07
    -6210.0000       0.12691539E-06
    -6205.0000       0.22265470E-06
    -6200.0000       0.36117551E-06
    -6195.0000       0.53942795E-06
    -6190.0000       0.75393468E-06
    -6185.0000       0.10008267E-05
    -6180.0000       0.12758847E-05
    -6175.0000       0.15745859E-05
    -6170.0000       0.18921483E-05
    -6165.0000       0.22235982E-05
    -6160.0000       0.25638121E-05
    -6155.0000       0.29075825E-05
    -6150.0000       0.32496897E-05
    -6145.0000       0.35849465E-05
    -6140.0000       0.39082807E-05
    -6135.0000       0.42147866E-05
    -6130.0000       0.44997870E-05
    -6125.0000       0.47589167E-05
    -6120.0000       0.49881416E-05
    -6115.0000       0.51838435E-05
    -6110.0000       0.53428722E-05
    -6105.0000       0.54625769E-05
    -6100.0000       0.55408512E-05
    -6095.0000       0.55761756E-05
    -6090.0000       0.55676569E-05
    -6085.0000       0.55150129E-05
    -6080.0000       0.54186297E-05
    -6075.0000       0.52795595E-05
    -6070.0000       0.50995055E-05
    -6065.0000       0.48808367E-05
    -6060.0000       0.46265578E-05
    -6055.0000       0.43403001E-05
    -6050.0000       0.40262784E-05
    -6045.0000       0.36892791E-05
    -6040.0000       0.33345940E-05
    -6035.0000       0.29679927E-05
    -6030.0000       0.25956511E-05
    -6025.0000       0.22240966E-05
    -6020.0000       0.18601627E-05
    -6015.0000       0.15108923E-05
    -6010.0000       0.11834942E-05
    -6005.0000       0.88525425E-06
    -6000.0000       0.62347080E-06
    -5995.0000       0.40537404E-06
    -5990.0000       0.23805568E-06
    -5985.0000       0.12839537E-06
    -5980.0000       0.82988442E-07
    -5975.0000       0.10807727E-06
    -5970.0000       0.20948631E-06
    -5965.0000       0.39256066E-06
    -5960.0000       0.66210880E-06
    -5955.0000       0.10223504E-05
    -5950.0000       0.14768719E-05
    -5945.0000       0.20285880E-05
    -5940.0000       0.26797045E-05
    -5935.0000       0.34316904E-05
