function matZ = matdb()
    matZ.Si.V = (5.4309e-10)^3;
    matZ.Si.zspace = 1.3577e-10;
    matZ.Si.xyspace = 5.4309e-10;
    matZ.Si.poissonratio = 0.2800;
    matZ.Si.Z = [14,14,14,14,14,14,14,14]';
    matZ.Si.occupation = [1,1,1,1,1,1,1,1]';
    matZ.Si.H = [4,0,0];
    matZ.Si.r = [0.00000, 0.00000, 0.00000
            0.50000, 0.50000, 0.00000
            0.50000, 0.00000, 0.50000
            0.00000, 0.50000, 0.50000
            0.25000, 0.25000, 0.75000
            0.25000, 0.75000, 0.25000
            0.75000, 0.25000, 0.25000
            0.75000, 0.75000, 0.75000];

    matZ.Ge.V = (5.6578e-10)^3;
    matZ.Ge.zspace = 1.4144e-10;
    matZ.Ge.xyspace = 5.6578e-10;
    matZ.Ge.poissonratio = 0.2730;
    matZ.Ge.Z = [32,32,32,32,32,32,32,32]';
    matZ.Ge.occupation = [1,1,1,1,1,1,1,1]';
    matZ.Ge.H = [4,0,0];
    matZ.Ge.r = [0.00000, 0.00000, 0.00000
            0.50000, 0.50000, 0.00000
            0.50000, 0.00000, 0.50000
            0.00000, 0.50000, 0.50000
            0.25000, 0.25000, 0.75000
            0.25000, 0.75000, 0.25000
            0.75000, 0.25000, 0.25000
            0.75000, 0.75000, 0.75000];


    matZ.GaAs.V = (5.6532e-10)^3;
    matZ.GaAs.zspace = 1.4133e-10;
    matZ.GaAs.xyspace = 5.6532e-10;
    matZ.GaAs.poissonratio = 0.3117;
    matZ.GaAs.Z = [31,31,31,31,33,33,33,33]';
    matZ.GaAs.occupation = [1,1,1,1,1,1,1,1]';
    matZ.GaAs.H = [4,0,0];
    matZ.GaAs.r = [0.00000, 0.00000, 0.00000
              0.50000, 0.50000, 0.00000
              0.50000, 0.00000, 0.50000
              0.00000, 0.50000, 0.50000
              0.25000, 0.25000, 0.75000
              0.25000, 0.75000, 0.25000
              0.75000, 0.25000, 0.25000
              0.75000, 0.75000, 0.75000];

    matZ.GaP.V = (5.4505e-10)^3;
    matZ.GaP.zspace = 5.4505e-10/4;
    matZ.GaP.xyspace = 5.4505e-10;
    matZ.GaP.poissonratio = 0.3070;
    matZ.GaP.Z = [31,31,31,31,15,15,15,15]';
    matZ.GaP.occupation = [1,1,1,1,1,1,1,1]';
    matZ.GaP.H = [4,0,0];
    matZ.GaP.r = [0.00000, 0.00000, 0.00000
              0.50000, 0.50000, 0.00000
              0.50000, 0.00000, 0.50000
              0.00000, 0.50000, 0.50000
              0.25000, 0.25000, 0.75000
              0.25000, 0.75000, 0.25000
              0.75000, 0.25000, 0.25000
              0.75000, 0.75000, 0.75000];

    matZ.InP.V = (5.8687e-10)^3;
    matZ.InP.zspace = 5.8687e-10/4;
    matZ.InP.xyspace = 5.8687e-10;
    matZ.InP.poissonratio = 0.36;
    matZ.InP.Z = [49,49,49,49,15,15,15,15]';
    matZ.InP.occupation = [1,1,1,1,1,1,1,1]';
    matZ.InP.H = [4,0,0];
    matZ.InP.r = [0.00000, 0.00000, 0.00000
              0.50000, 0.50000, 0.00000
              0.50000, 0.00000, 0.50000
              0.00000, 0.50000, 0.50000
              0.25000, 0.25000, 0.75000
              0.25000, 0.75000, 0.25000
              0.75000, 0.25000, 0.25000
              0.75000, 0.75000, 0.75000];

    matZ.AlAs.V = (5.6618e-10)^3;
    matZ.AlAs.zspace = 1.4155e-10;
    matZ.AlAs.xyspace = 5.6618e-10;
    matZ.AlAs.poissonratio = 0.3240;
    matZ.AlAs.Z = [13,13,13,13,33,33,33,33]';
    matZ.AlAs.occupation = [1,1,1,1,1,1,1,1]';
    matZ.AlAs.H = [4,0,0];
    matZ.AlAs.r = [0.00000, 0.00000, 0.00000
              0.50000, 0.50000, 0.00000
              0.50000, 0.00000, 0.50000
              0.00000, 0.50000, 0.50000
              0.25000, 0.25000, 0.75000
              0.25000, 0.75000, 0.25000
              0.75000, 0.25000, 0.25000
              0.75000, 0.75000, 0.75000];

    matZ.InAs.V = (6.0584e-10)^3;
    matZ.InAs.zspace = 1.5146e-10;
    matZ.InAs.xyspace = 6.0584e-10;
    matZ.InAs.poissonratio = 0.3520;
    matZ.InAs.occupation = [1,1,1,1,1,1,1,1]';
    matZ.InAs.Z = [49,49,49,49,33,33,33,33]';
    matZ.InAs.H = [4,0,0];
    matZ.InAs.r = [0.00000, 0.00000, 0.00000
              0.50000, 0.50000, 0.00000
              0.50000, 0.00000, 0.50000
              0.00000, 0.50000, 0.50000
              0.25000, 0.25000, 0.75000
              0.25000, 0.75000, 0.25000
              0.75000, 0.25000, 0.25000
              0.75000, 0.75000, 0.75000];

              % the only possible reflections are (222), (444), ...
    matZ.Al2O3.V = 84.89212148e-30;
    matZ.Al2O3.zspace = 12.9900000055889e-10/3/2;
    matZ.Al2O3.xyspace = 4.75799990823791e-10;
    matZ.Al2O3.poissonratio = 0.25;
    matZ.Al2O3.occupation=[1,1,1,1,1,1,1,1,1,1]';
    matZ.Al2O3.Z = [13,13,13,13,8,8,8,8,8,8]';
    matZ.Al2O3.H = [2,2,2];
    matZ.Al2O3.r = [.35228000   .35228000   .35228000
                   -.35228000  -.35228000  -.35228000
                    .14772000   .14772000   .14772000
                   -.14772000  -.14772000  -.14772000
                   -.05640000   .55640000   .25000000
                    .05640000  -.55640000  -.25000000
                    .55640000   .25000000  -.05640000
                   -.55640000  -.25000000   .05640000
                    .25000000  -.05640000   .55640000
                   -.25000000   .05640000  -.55640000];

    % second-order reflection
    matZ.Al2O3_second.V = 84.89212148e-30;
    matZ.Al2O3_second.zspace = 12.9900000055889e-10/3/4;
    matZ.Al2O3_second.xyspace = 4.75799990823791e-10;
    matZ.Al2O3_second.poissonratio = 0.25;
    matZ.Al2O3_second.occupation=[1,1,1,1,1,1,1,1,1,1]';
    matZ.Al2O3_second.Z = [13,13,13,13,8,8,8,8,8,8]';
    matZ.Al2O3_second.H = [4,4,4];
    matZ.Al2O3_second.r = [.35228000   .35228000   .35228000
                   -.35228000  -.35228000  -.35228000
                    .14772000   .14772000   .14772000
                   -.14772000  -.14772000  -.14772000
                   -.05640000   .55640000   .25000000
                    .05640000  -.55640000  -.25000000
                    .55640000   .25000000  -.05640000
                   -.55640000  -.25000000   .05640000
                    .25000000  -.05640000   .55640000
                   -.25000000   .05640000  -.55640000];

end
