function sub_simulation = subdat()
sub_simulation = [ -60.000000       0.63181859E-03
    -59.936842       0.63302102E-03
    -59.873684       0.63422761E-03
    -59.810526       0.63543799E-03
    -59.747368       0.63665131E-03
    -59.684211       0.63786773E-03
    -59.621053       0.63908872E-03
    -59.557895       0.64031154E-03
    -59.494737       0.64153900E-03
    -59.431579       0.64276954E-03
    -59.368421       0.64400474E-03
    -59.305263       0.64524209E-03
    -59.242105       0.64648338E-03
    -59.178947       0.64772873E-03
    -59.115789       0.64897733E-03
    -59.052632       0.65022943E-03
    -58.989474       0.65148538E-03
    -58.926316       0.65274485E-03
    -58.863158       0.65400850E-03
    -58.800000       0.65527495E-03
    -58.736842       0.65654565E-03
    -58.673684       0.65782003E-03
    -58.610526       0.65909811E-03
    -58.547368       0.66037981E-03
    -58.484211       0.66166497E-03
    -58.421053       0.66295479E-03
    -58.357895       0.66424749E-03
    -58.294737       0.66554387E-03
    -58.231579       0.66684522E-03
    -58.168421       0.66814939E-03
    -58.105263       0.66945785E-03
    -58.042105       0.67077001E-03
    -57.978947       0.67208578E-03
    -57.915790       0.67340569E-03
    -57.852632       0.67472914E-03
    -57.789474       0.67605671E-03
    -57.726316       0.67738890E-03
    -57.663158       0.67872438E-03
    -57.600000       0.68006357E-03
    -57.536842       0.68140704E-03
    -57.473684       0.68275432E-03
    -57.410526       0.68410623E-03
    -57.347368       0.68546111E-03
    -57.284211       0.68682091E-03
    -57.221053       0.68818411E-03
    -57.157895       0.68955227E-03
    -57.094737       0.69092421E-03
    -57.031579       0.69229988E-03
    -56.968421       0.69367966E-03
    -56.905263       0.69506370E-03
    -56.842105       0.69645192E-03
    -56.778947       0.69784424E-03
    -56.715790       0.69924073E-03
    -56.652632       0.70064136E-03
    -56.589474       0.70204637E-03
    -56.526316       0.70345605E-03
    -56.463158       0.70486931E-03
    -56.400000       0.70628719E-03
    -56.336842       0.70770950E-03
    -56.273684       0.70913529E-03
    -56.210526       0.71056606E-03
    -56.147368       0.71200186E-03
    -56.084211       0.71344038E-03
    -56.021053       0.71488375E-03
    -55.957895       0.71633204E-03
    -55.894737       0.71778496E-03
    -55.831579       0.71924136E-03
    -55.768421       0.72070280E-03
    -55.705263       0.72216855E-03
    -55.642105       0.72363958E-03
    -55.578947       0.72511416E-03
    -55.515790       0.72659391E-03
    -55.452632       0.72807746E-03
    -55.389474       0.72956563E-03
    -55.326316       0.73105898E-03
    -55.263158       0.73255600E-03
    -55.200000       0.73405846E-03
    -55.136842       0.73556522E-03
    -55.073684       0.73707739E-03
    -55.010526       0.73859295E-03
    -54.947369       0.74011400E-03
    -54.884211       0.74163874E-03
    -54.821053       0.74316921E-03
    -54.757895       0.74470498E-03
    -54.694737       0.74624471E-03
    -54.631579       0.74778882E-03
    -54.568421       0.74933854E-03
    -54.505263       0.75089278E-03
    -54.442105       0.75245183E-03
    -54.378947       0.75401517E-03
    -54.315790       0.75558468E-03
    -54.252632       0.75715745E-03
    -54.189474       0.75873579E-03
    -54.126316       0.76031977E-03
    -54.063158       0.76190838E-03
    -54.000000       0.76350194E-03
    -53.936842       0.76510012E-03
    -53.873684       0.76670420E-03
    -53.810526       0.76831231E-03
    -53.747369       0.76992640E-03
    -53.684211       0.77154560E-03
    -53.621053       0.77316877E-03
    -53.557895       0.77479805E-03
    -53.494737       0.77643275E-03
    -53.431579       0.77807222E-03
    -53.368421       0.77971689E-03
    -53.305263       0.78136614E-03
    -53.242105       0.78302094E-03
    -53.178947       0.78468168E-03
    -53.115790       0.78634675E-03
    -53.052632       0.78801707E-03
    -52.989474       0.78969404E-03
    -52.926316       0.79137544E-03
    -52.863158       0.79306296E-03
    -52.800000       0.79475449E-03
    -52.736842       0.79645302E-03
    -52.673684       0.79815624E-03
    -52.610526       0.79986483E-03
    -52.547369       0.80157869E-03
    -52.484211       0.80329825E-03
    -52.421053       0.80502462E-03
    -52.357895       0.80675504E-03
    -52.294737       0.80849144E-03
    -52.231579       0.81023338E-03
    -52.168421       0.81198060E-03
    -52.105263       0.81373498E-03
    -52.042105       0.81549373E-03
    -51.978947       0.81725903E-03
    -51.915790       0.81902908E-03
    -51.852632       0.82080524E-03
    -51.789474       0.82258786E-03
    -51.726316       0.82437529E-03
    -51.663158       0.82616911E-03
    -51.600000       0.82796906E-03
    -51.536842       0.82977415E-03
    -51.473684       0.83158579E-03
    -51.410526       0.83340333E-03
    -51.347369       0.83522610E-03
    -51.284211       0.83705594E-03
    -51.221053       0.83889133E-03
    -51.157895       0.84073271E-03
    -51.094737       0.84258036E-03
    -51.031579       0.84443353E-03
    -50.968421       0.84629387E-03
    -50.905263       0.84815955E-03
    -50.842105       0.85003096E-03
    -50.778948       0.85190973E-03
    -50.715790       0.85379472E-03
    -50.652632       0.85568496E-03
    -50.589474       0.85758239E-03
    -50.526316       0.85948531E-03
    -50.463158       0.86139557E-03
    -50.400000       0.86331131E-03
    -50.336842       0.86523389E-03
    -50.273684       0.86716298E-03
    -50.210526       0.86909824E-03
    -50.147369       0.87104021E-03
    -50.084211       0.87298873E-03
    -50.021053       0.87494333E-03
    -49.957895       0.87690488E-03
    -49.894737       0.87887348E-03
    -49.831579       0.88084839E-03
    -49.768421       0.88282971E-03
    -49.705263       0.88481794E-03
    -49.642105       0.88681147E-03
    -49.578948       0.88881467E-03
    -49.515790       0.89082301E-03
    -49.452632       0.89283825E-03
    -49.389474       0.89486041E-03
    -49.326316       0.89688954E-03
    -49.263158       0.89892585E-03
    -49.200000       0.90096879E-03
    -49.136842       0.90301769E-03
    -49.073684       0.90507488E-03
    -49.010526       0.90713910E-03
    -48.947369       0.90920994E-03
    -48.884211       0.91128809E-03
    -48.821053       0.91337301E-03
    -48.757895       0.91546616E-03
    -48.694737       0.91756541E-03
    -48.631579       0.91967212E-03
    -48.568421       0.92178705E-03
    -48.505263       0.92390792E-03
    -48.442105       0.92603642E-03
    -48.378948       0.92817266E-03
    -48.315790       0.93031554E-03
    -48.252632       0.93246693E-03
    -48.189474       0.93462548E-03
    -48.126316       0.93679201E-03
    -48.063158       0.93896533E-03
    -48.000000       0.94114570E-03
    -47.936842       0.94333478E-03
    -47.873684       0.94553250E-03
    -47.810527       0.94773524E-03
    -47.747369       0.94994743E-03
    -47.684211       0.95216652E-03
    -47.621053       0.95439437E-03
    -47.557895       0.95662939E-03
    -47.494737       0.95887168E-03
    -47.431579       0.96112330E-03
    -47.368421       0.96338156E-03
    -47.305263       0.96564905E-03
    -47.242105       0.96792410E-03
    -47.178948       0.97020650E-03
    -47.115790       0.97249766E-03
    -47.052632       0.97479725E-03
    -46.989474       0.97710475E-03
    -46.926316       0.97941905E-03
    -46.863158       0.98174485E-03
    -46.800000       0.98407616E-03
    -46.736842       0.98641695E-03
    -46.673684       0.98876506E-03
    -46.610527       0.99112177E-03
    -46.547369       0.99348866E-03
