function sub_simulation = subdat()
sub_simulation = [ -1000.0000       0.28504433E-05
    -999.21053       0.28548932E-05
    -998.42105       0.28593542E-05
    -997.63158       0.28638247E-05
    -996.84211       0.28683056E-05
    -996.05263       0.28727987E-05
    -995.26316       0.28773008E-05
    -994.47368       0.28818124E-05
    -993.68421       0.28863354E-05
    -992.89474       0.28908715E-05
    -992.10526       0.28954167E-05
    -991.31579       0.28999720E-05
    -990.52632       0.29045408E-05
    -989.73684       0.29091158E-05
    -988.94737       0.29137054E-05
    -988.15789       0.29183071E-05
    -987.36842       0.29229149E-05
    -986.57895       0.29275368E-05
    -985.78947       0.29321675E-05
    -985.00000       0.29368116E-05
    -984.21053       0.29414679E-05
    -983.42105       0.29461299E-05
    -982.63158       0.29508080E-05
    -981.84210       0.29554962E-05
    -981.05263       0.29601976E-05
    -980.26316       0.29649061E-05
    -979.47368       0.29696281E-05
    -978.68421       0.29743633E-05
    -977.89474       0.29791043E-05
    -977.10526       0.29838608E-05
    -976.31579       0.29886307E-05
    -975.52631       0.29934056E-05
    -974.73684       0.29981962E-05
    -973.94737       0.30029996E-05
    -973.15789       0.30078112E-05
    -972.36842       0.30126384E-05
    -971.57895       0.30174725E-05
    -970.78947       0.30223235E-05
    -970.00000       0.30271824E-05
    -969.21053       0.30320541E-05
    -968.42105       0.30369374E-05
    -967.63158       0.30418340E-05
    -966.84210       0.30467393E-05
    -966.05263       0.30516600E-05
    -965.26316       0.30565914E-05
    -964.47368       0.30615342E-05
    -963.68421       0.30664900E-05
    -962.89474       0.30714575E-05
    -962.10526       0.30764389E-05
    -961.31579       0.30814295E-05
    -960.52631       0.30864345E-05
    -959.73684       0.30914504E-05
    -958.94737       0.30964764E-05
    -958.15789       0.31015173E-05
    -957.36842       0.31065720E-05
    -956.57895       0.31116360E-05
    -955.78947       0.31167145E-05
    -955.00000       0.31218054E-05
    -954.21052       0.31269069E-05
    -953.42105       0.31320222E-05
    -952.63158       0.31371524E-05
    -951.84210       0.31422951E-05
    -951.05263       0.31474463E-05
    -950.26316       0.31526136E-05
    -949.47368       0.31577926E-05
    -948.68421       0.31629843E-05
    -947.89473       0.31681912E-05
    -947.10526       0.31734061E-05
    -946.31579       0.31786372E-05
    -945.52631       0.31838807E-05
    -944.73684       0.31891355E-05
    -943.94737       0.31944074E-05
    -943.15789       0.31996914E-05
    -942.36842       0.32049873E-05
    -941.57895       0.32102962E-05
    -940.78947       0.32156193E-05
    -940.00000       0.32209524E-05
    -939.21052       0.32263029E-05
    -938.42105       0.32316661E-05
    -937.63158       0.32370436E-05
    -936.84210       0.32424328E-05
    -936.05263       0.32478340E-05
    -935.26316       0.32532512E-05
    -934.47368       0.32586816E-05
    -933.68421       0.32641244E-05
    -932.89473       0.32695826E-05
    -932.10526       0.32750558E-05
    -931.31579       0.32805387E-05
    -930.52631       0.32860414E-05
    -929.73684       0.32915502E-05
    -928.94737       0.32970789E-05
    -928.15789       0.33026210E-05
    -927.36842       0.33081743E-05
    -926.57894       0.33137418E-05
    -925.78947       0.33193264E-05
    -925.00000       0.33249226E-05
    -924.21052       0.33305347E-05
    -923.42105       0.33361576E-05
    -922.63158       0.33417990E-05
    -921.84210       0.33474526E-05
    -921.05263       0.33531217E-05
    -920.26316       0.33588076E-05
    -919.47368       0.33645047E-05
    -918.68421       0.33702174E-05
    -917.89473       0.33759399E-05
    -917.10526       0.33816840E-05
    -916.31579       0.33874409E-05
    -915.52631       0.33932111E-05
    -914.73684       0.33989963E-05
    -913.94737       0.34047992E-05
    -913.15789       0.34106119E-05
    -912.36842       0.34164433E-05
    -911.57894       0.34222892E-05
    -910.78947       0.34281501E-05
    -910.00000       0.34340275E-05
    -909.21052       0.34399182E-05
    -908.42105       0.34458250E-05
    -907.63158       0.34517454E-05
    -906.84210       0.34576818E-05
    -906.05263       0.34636329E-05
    -905.26315       0.34696018E-05
    -904.47368       0.34755849E-05
    -903.68421       0.34815833E-05
    -902.89473       0.34875980E-05
    -902.10526       0.34936292E-05
    -901.31579       0.34996720E-05
    -900.52631       0.35057344E-05
    -899.73684       0.35118129E-05
    -898.94736       0.35179083E-05
    -898.15789       0.35240133E-05
    -897.36842       0.35301401E-05
    -896.57894       0.35362828E-05
    -895.78947       0.35424418E-05
    -895.00000       0.35486129E-05
    -894.21052       0.35548022E-05
    -893.42105       0.35610095E-05
    -892.63158       0.35672300E-05
    -891.84210       0.35734700E-05
    -891.05263       0.35797227E-05
    -890.26315       0.35859939E-05
    -889.47368       0.35922833E-05
    -888.68421       0.35985854E-05
    -887.89473       0.36049086E-05
    -887.10526       0.36112485E-05
    -886.31579       0.36175999E-05
    -885.52631       0.36239736E-05
    -884.73684       0.36303607E-05
    -883.94736       0.36367685E-05
    -883.15789       0.36431880E-05
    -882.36842       0.36496304E-05
    -881.57894       0.36560882E-05
    -880.78947       0.36625614E-05
    -880.00000       0.36690508E-05
    -879.21052       0.36755619E-05
    -878.42105       0.36820878E-05
    -877.63157       0.36886326E-05
    -876.84210       0.36951923E-05
    -876.05263       0.37017708E-05
    -875.26315       0.37083682E-05
    -874.47368       0.37149818E-05
    -873.68421       0.37216138E-05
    -872.89473       0.37282605E-05
    -872.10526       0.37349279E-05
    -871.31578       0.37416128E-05
    -870.52631       0.37483213E-05
    -869.73684       0.37550405E-05
    -868.94736       0.37617775E-05
    -868.15789       0.37685364E-05
    -867.36842       0.37753141E-05
    -866.57894       0.37821084E-05
    -865.78947       0.37889220E-05
    -865.00000       0.37957523E-05
    -864.21052       0.38026052E-05
    -863.42105       0.38094741E-05
    -862.63157       0.38163602E-05
    -861.84210       0.38232645E-05
    -861.05263       0.38301890E-05
    -860.26315       0.38371339E-05
    -859.47368       0.38440991E-05
    -858.68421       0.38510799E-05
    -857.89473       0.38580805E-05
    -857.10526       0.38651001E-05
    -856.31578       0.38721371E-05
    -855.52631       0.38791981E-05
    -854.73684       0.38862742E-05
    -853.94736       0.38933763E-05
    -853.15789       0.39004909E-05
    -852.36842       0.39076264E-05
    -851.57894       0.39147856E-05
    -850.78947       0.39219609E-05
    -849.99999       0.39291562E-05
    -849.21052       0.39363728E-05
    -848.42105       0.39436088E-05
    -847.63157       0.39508671E-05
    -846.84210       0.39581380E-05
    -846.05263       0.39654358E-05
    -845.26315       0.39727532E-05
    -844.47368       0.39800899E-05
    -843.68420       0.39874491E-05
    -842.89473       0.39948254E-05
    -842.10526       0.40022234E-05
    -841.31578       0.40096434E-05
    -840.52631       0.40170805E-05
    -839.73684       0.40245435E-05
    -838.94736       0.40320214E-05
    -838.15789       0.40395224E-05
    -837.36842       0.40470493E-05
    -836.57894       0.40545906E-05
    -835.78947       0.40621570E-05
    -834.99999       0.40697451E-05
    -834.21052       0.40773534E-05
    -833.42105       0.40849812E-05
    -832.63157       0.40926335E-05
    -831.84210       0.41003058E-05
