function y = wurtzite_r()
  y = [0.33333 0.66667 0.00000
       0.66667 0.33333 0.50000
       0.33333 0.66667 0.37480
       0.66667 0.33333 0.87480];
end
