function y = zincblende_r()
  y = [0.00000, 0.00000, 0.00000
       0.50000, 0.50000, 0.00000
       0.50000, 0.00000, 0.50000
       0.00000, 0.50000, 0.50000
       0.25000, 0.25000, 0.75000
       0.25000, 0.75000, 0.25000
       0.75000, 0.25000, 0.25000
       0.75000, 0.75000, 0.75000];
end
